20 03 03 03 03 03 03 03 03 03 03 03 03 03 03 03
20 03 03 03 03 03 03 03 03 03 03 03 03 03 03 03
20 03 03 03 03 03 03 03 03 03 03 03 03 03 03 03
20 03 03 03 03 03 03 03 03 03 03 03 03 03 03 03
20 03 03 03 03 03 03 03 03 03 03 03 03 03 03 03
20 03 03 03 03 03 03 03 03 03 03 03 03 03 03 03
20 03 03 03 03 03 03 03 03 03 03 03 03 03 03 03
20 03 03 03 03 03 03 03 03 03 03 03 03 03 03 03
20 03 03 03 03 03 03 03 03 03 03 03 03 03 03 03
20 03 03 03 03 03 03 03 03 03 03 03 03 03 03 03
20 03 03 03 03 03 03 03 03 03 03 03 03 03 03 03
20 03 03 03 03 03 03 03 03 03 03 03 03 03 03 03
20 03 03 03 03 03 03 03 03 03 03 03 03 03 03 03
20 03 03 03 03 03 03 03 03 03 03 03 03 03 03 03
20 03 03 03 03 03 03 03 03 03 03 03 03 03 03 03
20 03 03 03 03 03 03 03 03 03 03 03 03 03 03 03